((("item_vm" .
   [1 0 0 0 0 0 0])
  ("solve" .
   [2 0 0 0 0])
  ("chomp" .
   [1 0 0 0 0])
  ("split" .
   [1 0 0 0 0])
  ("digest" .
   [1 0 0 0 0 0])
  ("print" .
   [2 0 0 0 0])
  ("force_encoding" .
   [1 0 0 0 0 0 0 0 0 0 0 0 0 0])
  ("orig_str" .
   [1 0 0 0 0 0 0 0])
  ("s" .
   [1])
  ("raise" .
   [1 0 0 0 0])
  (":replace" .
   [1 0 0 0 0 0 0 0])
  ("enc" .
   [2 0 0])
  (":date" .
   [1 0 0 0 0])
  ("d" .
   [1])
  (":items" .
   [2 0 0 0 0 0])
  ("URL" .
   [1 0 0])
  ("sleep" .
   [1 0 0 0 0])
  ("Numeron::run_n" .
   [0 0 0 0 0 0 0 0 0 0 0 0 0 1])
  ("exit" .
   [2 0 0 0])
  ("child_tree" .
   [2 0 0 0 0 0 0 0 0 0])
  ("simplify" .
   [1 0 0 1 0 0 0 0])
  (":" .
   [1])
  ("current" .
   [2 0 0 0 0 0 0])
  ("tree" .
   [1 0 0 0])
  (":hand" .
   [2 0 0 0 0])
  ("info" .
   [4 0 0 0])
  ("nil" .
   [2 0 0])
  ("child_rest" .
   [2 0 0 0 0 0 0 0 0 0])
  ("dist_tab" .
   [3 0 0 0 0 0 0 0])
  ("make_dist_tab" .
   [1 0 0 0 0 0 0 0 0 0 0 0 0])
  ("AI::FirstOn" .
   [0 0 0 0 1 0 0 0 0 0 0])
  ("make_search_tree_rec" .
   [2 0 0 0 0 0 0 0 0 0 0 0 0 0 0 0 0 0 0 0])
  ("depth" .
   [6 0 0 0 0])
  ("module_function" .
   [1 0 0 0 0 0 0 0 0 0 0 0 0 0 0])
  ("Numeron" .
   [1 0 0 0 1 0 0])
  ("__FILE__" .
   [1 0 0 0 0 0 0 0])
  ("inject" .
   [1 0 0 0 0 0])
  ("k" .
   [1])
  ("print_table" .
   [1 0 0 0 0 0 0 0 0 0 0])
  ("header_str" .
   [1 0 0 0 0 0 0 0 0 0])
  ("body_str" .
   [1 0 0 0 0 0 0 0])
  ("join" .
   [1 0 0 0])
  ("body" .
   [7 0 0 0])
  ("header" .
   [2 0 0 0 0 0])
  ("map" .
   [2 0 0])
  ("keys" .
   [1 0 0 0])
  ("720" .
   [2 0 0])
  ("shift" .
   [1 0 0 0 0])
  ("ai" .
   [1 0])
  ("a" .
   [1])
  ("class" .
   [2 0 0 0 0])
  ("ai_method" .
   [0 0 0 0 1 0 0 0 0])
  (":think" .
   [1 0 0 0 0 0])
  ("method" .
   [1 0 0 0 0 0])
  ("FirstOn" .
   [3 0 0 0 0 0 0])
  ("next_hand" .
   [1 0 0 0 0 0 0 0 0])
  ("begin" .
   [5 0 0 0 0])
  ("size" .
   [5 0 0 0])
  ("to_f" .
   [1 0 0 0])
  ("sum" .
   [4 0 0])
  ("new_rest" .
   [1 0 0 0 0 0 0 0])
  ("Hash" .
   [2 0 0 0])
  ("run_n" .
   [1 0 0 0 0])
  ("count_tab" .
   [7 0 0 0 0 0 0 0 1])
  ("times" .
   [1 0 0 0 0])
  ("first_on" .
   [1 0 0 0 0 0 0 0])
  ("run" .
   [1 0 0])
  ("10" .
   [4 0])
  ("limit" .
   [5 0 0 0 0])
  ("1" .
   [1])
  ("loop" .
   [1 0 0 0])
  ("12" .
   [1 0])
  ("turn" .
   [7 0 0 0])
  ("new" .
   [3 0 0])
  ("State" .
   [1 0 0 0 0])
  ("make_answer" .
   [1 0 0 0 0 0 0 0 0 0 0])
  ("Game" .
   [1 0 0 0])
  ("next" .
   [2 0 0 1])
  ("transition" .
   [1 0 0 0 0 0 2 0 0 0])
  ("ALL_LIST" .
   [4 0 0 0 0 0 0 0])
  ("count_eat_bite" .
   [0 0 0 0 0 0 0 0 0 0 0 0 1 2])
  ("e" .
   [3])
  ("r" .
   [6])
  ("eb" .
   [15 0])
  ("hand" .
   [15 0 0 0])
  ("g" .
   [4])
  ("c" .
   [4])
  ("ruby" .
   [1 0 0 0])
  (":development" .
   [1 0 0 0 0 1 0 0 0 0 0 0])
  ("group" .
   [3 0 0 0 0])
  ("ch" .
   [1 0])
  ("400" .
   [4 0 0])
  ("300" .
   [1 0 0])
  ("data" .
   [11 0 0 0])
  ("evt" .
   [1 0 0])
  ("ql:system-apropos" .
   [0 0 0 1 0 0 0 0 0 0 0 0 0 0 0 0 0])
  ("require" .
   [2 0 0 0 0 0 0])
  ("module" .
   [5 0 0 0 0 0])
  ("unless" .
   [3 0 0 0 0 0])
  ("Table" .
   [2 0 0 0 0])
  ("config" .
   [0 0 0 0 0 1])
  ("24" .
   [1 0])
  ("48" .
   [1 0])
  ("game_start" .
   [1 0 0 0 0 0 0 0 0 0])
  ("inner" .
   [2 0 0 0 0])
  ("unbind" .
   [4 0 0 0 0 0])
  ("inner_start_time" .
   [0 0 0 0 0 0 0 0 0 0 0 0 0 0 0 1])
  ("inner_end_time" .
   [0 0 0 0 0 0 0 0 0 0 0 0 0 1])
  ("now" .
   [1 0 0])
  ("Date" .
   [1 0 0 0])
  ("start_time" .
   [0 0 0 0 1 0 0 0 0 1])
  ("end_time" .
   [0 0 0 0 1 0 1 0])
  ("display_answer" .
   [0 0 0 0 0 1 0 0 0 0 1 0 0 0])
  ("geme_env" .
   [0 0 0 1 0 0 0 0])
  ("generate_problem" .
   [0 0 0 0 0 0 0 0 0 0 0 0 1 0 0 0])
  ("open_safety" .
   [0 0 0 0 0 0 0 1 0 0 0])
  ("break" .
   [7 0 0 0 0])
  ("is_end" .
   [1 0 0 0 0 0])
  ("all_solve" .
   [2 0 0 0 0 0 0 0 0])
  ("256" .
   [1 0 0])
  ("str" .
   [11 0 0])
  ("ai_step" .
   [1 0 0 0 0 0 0])
  ("t_bom" .
   [6 0 0 0 1])
  ("blank" .
   [1 0 0 0 0])
  ("blank_list" .
   [3 0 0 0 0 0 0 0 1 0])
  ("list_diff" .
   [0 0 0 0 0 1 0 0 0])
  ("bom_list" .
   [5 0 0 0 0 0 1 0])
  ("cell_rest" .
   [1 0 0 0 0 0 0 0 0])
  ("think_aux" .
   [0 0 0 0 0 0 0 0 1])
  ("bom" .
   [1 0 0])
  ("is_include_list" .
   [0 0 0 0 0 0 0 0 0 0 0 0 1 0 0])
  ("org" .
   [2 0 0])
  ("elem" .
   [5 0 0 0])
  ("is_include" .
   [0 0 1 0 1 1 0 0 0 1])
  ("button_bind_flag" .
   [0 0 2 0 1 0 1 1 0 0 0 0 0 0 0 0])
  ("true" .
   [5 0 0 1])
  ("disp_env" .
   [0 0 0 0 2 2 0 0])
  ("make_constraint" .
   [0 0 0 0 0 0 0 0 1 0 0 0 0 0 0])
  ("think" .
   [3 0 0 0 0])
  ("rest" .
   [31 0 0 0])
  ("constraint" .
   [3 0 0 0 1 0 1 0 1 8])
  ("open_state" .
   [2 0 0 0 0 0 0 0 0 0])
  ("filter" .
   [1 0 0 1 1 0])
  ("neighbor_seq" .
   [0 0 0 0 0 0 0 0 0 0 1 0])
  ("number2" .
   [2 0 0 0 0 0 0])
  ("bom_pos_list" .
   [2 0 0 0 0 0 0 1 0 0 0 0])
  ("vasr" .
   [2 0 0 0])
  ("env" .
   [19 0 0])
  ("utils" .
   [1 0 1 4 0])
  ("reset_game" .
   [2 0 0 0 0 0 0 0 0 0])
  ("init_utils" .
   [1 0 0 0 0 0 0 0 0 0])
  ("id" .
   [5 0])
  ("bomb" .
   [0 0 0 1])
  ("init_opened_board" .
   [0 0 0 0 0 1 0 0 0 0 0 0 0 0 0 0 0])
  ("game_env" .
   [25 0 16 24 22 8 2 2])
  ("view_env" .
   [7 0 0 0 0 0 0 1])
  ("99" .
   [6 0])
  ("30" .
   [6 0])
  ("bom_count" .
   [9 0 0 2 2 0 0 0 2])
  ("open_trivial" .
   [2 0 0 0 0 0 0 0 0 0 0 0])
  ("flag" .
   [2 0 0 0])
  ("pos_list" .
   [3 0 0 0 0 0 1 2])
  ("flagged" .
   [3 0 0 0 1 0 0])
  ("concat" .
   [2 0 0 0 0 0])
  ("flagged_count" .
   [2 0 0 0 0 0 0 0 0 0 0 0 0])
  ("t_open" .
   [9 0 0 2 0 0])
  ("list" .
   [10 0 0 0])
  ("add_list" .
   [2 0 0 0 0 0 0 0])
  ("t_boms" .
   [5 0 0 0 0 0])
  ("flagd_count" .
   [0 0 0 0 0 0 0 0 0 1 0])
  ("closed_count" .
   [3 0 0 0 0 0 0 0 0 0 0 0])
  ("flagd" .
   [2 0 0 0 0])
  ("closed" .
   [6 0 0 0 0 0])
  ("safety_pos" .
   [2 0 0 0 0 0 0 0 0 0])
  ("first_safety_open" .
   [0 0 1 1 0 0 0 0 0 0 0 0 0 0 0 0 0])
  ("idx" .
   [5 0 0])
  ("safety_list" .
   [0 0 0 0 2 0 1 0 0 0 4])
  ("pos" .
   [31 0 0])
  ("init" .
   [3 0 0 0])
  ("setup_all_pos" .
   [0 0 0 0 0 1 0 0 0 0 0 0 0])
  ("result" .
   [9 0 0 0 0 0])
  ("all_pos" .
   [4 0 1 2 0 1 13])
  ("get" .
   [16 0 0])
  ("matrix" .
   [2 0 0 0 0 0])
  ("i" .
   [1])
  ("generate_neighbor_seq" .
   [0 0 0 0 2 1 0 0 0 0 1 1 0 0 0 0 0 0 0 0 1])
  ("yy" .
   [1 0])
  ("xx" .
   [2 0])
  ("p" .
   [5])
  ("seq" .
   [16 0 0])
  ("dy" .
   [5 0])
  ("dx" .
   [5 0])
  ("point" .
   [45 0 0 0 2])
  ("dblclick_board" .
   [0 0 0 1 0 0 0 0 0 0 0 0 0 0])
  ("get_xy" .
   [1 0 0 0 0 0])
  ("obj" .
   [5 0 0])
  ("false" .
   [15 0 0 0 0])
  ("undefined" .
   [2 0 0 0 0 0 0 0 1])
  ("rec_blank_open" .
   [3 0 0 0 0 0 0 0 0 0 0 0 0 0])
  ("$" .
   [1])
  ("open" .
   [10 0 0 0])
  ("opened" .
   [4 0 0 0 0 0])
  ("reset_view" .
   [1 0 0 0 0 0 0 0 0 0])
  ("else" .
   [13 0 0 0])
  ("view_board" .
   [2 0 0 0 0 0 0 0 0 1])
  ("draw" .
   [7 0 0 1])
  ("opened_board" .
   [6 0 0 3 7 5 0 3 0 0 0 22])
  ("click_board" .
   [1 0 0 0 0 0 1 0 0 0 0])
  ("click" .
   [2 0 0 0 0])
  ("log" .
   [34 0 1])
  ("target" .
   [4 0 0 0 0 1])
  ("cell_y" .
   [4 0 0 0 0 0])
  ("cell_x" .
   [5 0 0 0 0 0])
  ("console" .
   [38 0 0 0 0 1 1])
  ("attr" .
   [1 0 0 0])
  ("register_handlers" .
   [0 0 0 0 0 0 0 0 0 0 0 0 0 0 0 1 0])
  ("16" .
   [8 0])
  ("n" .
   [1])
  ("if" .
   [46 0])
  ("heigth" .
   [1 0 0 0 0 0])
  ("reset_field" .
   [1 0 0 0 0 0 1 0 0 0 0])
  ("$board" .
   [1 0 0 0 0 0])
  ("generate_board" .
   [0 0 0 0 0 0 0 0 0 0 1 0 0 0])
  ("yet" .
   [3 0 0])
  ("generate_initial_board" .
   [0 0 0 0 1 0 0 0 0 0 1 0 0 0 0 0 0 0 0 0 0 0])
  ("random" .
   [6 0 0 0 0 0])
  ("floor" .
   [3 0 0 0 0])
  ("count" .
   [37 0 1 1 0])
  ("neighbor_bom_count" .
   [1 0 2 0 1 0 0 0 0 0 0 0 0 0 1 0 0 3])
  ("get_neighbor_bom_count" .
   [1 0 0 0 0 0 0 0 0 0 0 0 0 0 0 0 0 0 0 0 0 0])
  ("get_neighbor_bom_number" .
   [0 0 0 0 1 0 0 0 0 0 0 0 0 0 0 0 0 0 0 0 0 0 0])
  ("continue" .
   [12 0 0 0 0 1 0 1])
  ("generate_random_view" .
   [0 0 0 0 0 0 0 0 0 0 0 0 0 0 0 0 0 1 0 0])
  ("generate_random_board" .
   [0 0 0 0 0 0 0 0 0 0 1 0 0 0 0 0 0 0 0 0 0])
  ("generate_view" .
   [1 0 0 0 2 0 0 0 0 0 0 0 2])
  ("toString" .
   [1 0 0 0 0 0 0 0])
  ("search_bom_number" .
   [0 0 0 0 0 0 0 1 0 0 0 0 0 0 0 0 0])
  ("value" .
   [8 0 0 0 0])
  ("number" .
   [7 0 0 0 0 0])
  ("setup_random" .
   [0 0 0 0 0 0 0 0 0 0 0 1])
  ("update_field" .
   [1 0 0 0 0 0 1 1 0 0 0 0])
  ("img_rn" .
   [1 0 0 0 0 0])
  ("line" .
   [11 0 0 0])
  ("view" .
   [11 0 0 1])
  ("return" .
   [78 1 0 0 0 0])
  ("board_view" .
   [1 0 0 0 0 0 0 0 0 0])
  ("height" .
   [26 0 16 23 2 3])
  ("width" .
   [43 0 3 7 21])
  ("length" .
   [23 0 5 4 4 0])
  ("field" .
   [2 0 0 0 0])
  ("$field" .
   [9 0 0 0 0 0])
  ("generate_table" .
   [0 0 0 0 0 0 0 0 1 1 0 0 0 1])
  ("$table" .
   [4 0 2 1 0 0])
  ("32px" .
   [1 0 0 0])
  ("32" .
   [1 0])
  ("table" .
   [2 0 0 0 0])
  ("0px" .
   [1 0 0])
  ("Math" .
   [6 0 0 0])
  ("key" .
   [6 0 0])
  ("push" .
   [12 0 0 0])
  ("img_keys" .
   [3 0 0 0 0 1 0 0])
  ("href_map" .
   [3 0 0 0 0 0 0 0])
  ("for" .
   [20 0 0])
  ("setup_href_map" .
   [0 0 0 0 0 0 0 0 0 0 1 0 0 0])
  ("function" .
   [65 0 1 1 2 0 0 3])
  ("board" .
   [55 0 1 0 11])
  ("0" .
   [6])
  ("set_image" .
   [0 0 0 1 0 2 0 0 0])
  ("href" .
   [1 0 0 0])
  ("src" .
   [1 0 0])
  ("line_field" .
   [0 0 1 0 0 0 0 1 0 0])
  ("cell_field" .
   [1 0 0 0 0 0 0 0 0 0])
  ("cell" .
   [4 0 0 0])
  ("addClass" .
   [1 0 0 0 0 0 0 0])
  ("tobj" .
   [1 0 0 0])
  ("append" .
   [2 0 0 0 0 0])
  ("$td" .
   [1 0 0])
  ("$img" .
   [6 0 2 0])
  ("var" .
   [188 0 0])
  ("no-repeat" .
   [0 0 0 1 0 0 0 0 0])
  ("background-repeat" .
   [0 0 0 0 1 0 0 0 0 0 0 0 0 0 0 0 0])
  ("Background" .
   [0 0 0 0 1 0 0 0 0 0])
  ("image" .
   [1 0 0 0 0])
  ("url" .
   [1 0 0])
  ("background-image" .
   [0 0 0 0 0 0 0 0 0 0 0 0 0 0 1 0])
  ("red" .
   [1 0 0])
  ("test_func" .
   [0 0 0 0 0 0 0 0 1])
  ("argument" .
   [0 0 0 0 1 0 0 0])
  ("test_variables" .
   [0 0 0 0 0 0 1 0 0 0 0 0 0 1])
  ("ARGV" .
   [5 0 0 0])
  ("end" .
   [0 0 1])
  ("test" .
   [1 0 0 0])
  ("def" .
   [15 0 0])
  ("foo" .
   [1 0 0])
  ("to_a" .
   [3 0 0 0])
  ("puts" .
   [17 0 0 0])
  ("to_i" .
   [3 0 1 0])
  ("do" .
   [15 0])
  ("each" .
   [9 0 0 0])
  ("defun" .
   [2 0 0 0 0])
  ("lst" .
   [7 0 0])
  ("my-but-last" .
   [0 0 0 0 0 2 0 0 0 0 0])
  ("cdr" .
   [2 0 0])
  ("equal" .
   [1 0 0 0 0])
  ("element-at" .
   [1 0 0 0 0 0 0 0 1 0])
  ("my-last" .
   [1 0 0 0 0 0 0])
  ("search_leaf" .
   [1 0 0 0 0 0 0 0 0 0 0])
  ("answer" .
   [5 0 0 0 0 0])
  ("this" .
   [1 0 0 0])
  ("clients" .
   [3 0 0 0 0 0 0])
  ("send" .
   [2 0 0 0])
  ("event" .
   [7 0 0 0 0])
  ("cycle" .
   [3 0 0 0 0])
  ("git" .
   [3 0 0])
  ("add:" .
   [1 0 0 0])
  ("gem" .
   [1 0 0])
  ("total_table" .
   [14 0 0 0 0 0 0 0 1 0 1])
  ("total" .
   [1 0 0 0 0])
  ("each_with_index" .
   [0 0 0 0 0 1 0 0 0 0 0 0 0 0 0])
  ("solve_bin_rec" .
   [2 0 0 0 0 0 0 0 0 0 0 0 0])
  ("mid" .
   [5 0 0])
  ("solve_bin" .
   [1 0 0 0 0 0 0 0 0])
  ("import" .
   [1 0 0 0 0 0])
  ("howm-setting" .
   [1 0 0 0 0 0 0 0 0 0 0 0])
  (":test" .
   [2 0 0 0 0])
  ("token" .
   [5 0 0 0 0])
  ("json" .
   [1 0 0 0])
  ("delete" .
   [1 0 0 0 0 0])
  ("expect" .
   [1 0 0 0 0 0])
  ("to" .
   [1 0])
  ("sanitize" .
   [1 0 0 0 0 0 0 0])
  (":draft" .
   [1 0 0 0 0 0])
  (":doneposi" .
   [1 0 0 0 0 0 0 0 0])
  ("list_a" .
   [6 0 0 0 0 0])
  ("list_b" .
   [5 0 0 0 0 0])
  ("product" .
   [3 0 0 0 0 0 0])
  ("e_a" .
   [3 0 0])
  ("e_b" .
   [3 0 0])
  ("reduce" .
   [1 0 0 0 0 0])
  ("acc" .
   [1 0 0])
  ("flatten" .
   [4 0 0 0 0 0 0])
  ("res" .
   [2 0 0])
  ("postMessage" .
   [1 0 0 0 0 0 1 0 0 0 0])
  ("type" .
   [1 0 0 0])
  ("mes" .
   [2 0 0])))
